8.557707885694116410e-10 5.961451362444110923e-66 2.085580021344878990e-72 9.999999991442292124e-01
8.557708395773269941e-10 5.961451362444110923e-66 2.085579834879502780e-72 9.999999991442292124e-01
8.557709670971286632e-10 5.961451007113928478e-66 2.085580083500007660e-72 9.999999991442289904e-01
8.557709670971286632e-10 5.961451007113928478e-66 2.085580083500007660e-72 9.999999991442289904e-01
8.557710436090188051e-10 5.961451895439419906e-66 2.085580580741106900e-72 9.999999991442289904e-01
8.557706610496367518e-10 5.961450296453634222e-66 2.085579461948800881e-72 9.999999991442294345e-01
8.557708140733690591e-10 5.961450118788571991e-66 2.085579213328369142e-72 9.999999991442292124e-01
8.557711201209155644e-10 5.961450474118697507e-66 2.085580145655138090e-72 9.999999991442287683e-01
8.557711456248828052e-10 5.961451717774310235e-66 2.085580580741106398e-72 9.999999991442287683e-01
8.557705335298805776e-10 5.961449408128383156e-66 2.085579151173266611e-72 9.999999991442294345e-01
8.557709926010912511e-10 5.961451007113928478e-66 2.085580269965405988e-72 9.999999991442289904e-01
8.557707375614992865e-10 5.961448164473251153e-66 2.085579524103912711e-72 9.999999991442292124e-01
8.557578326573756215e-10 5.960759219415589954e-66 2.085315692336944185e-72 9.999999991442420910e-01
8.557639535362558151e-10 5.961101017171047459e-66 2.085447324367932395e-72 9.999999991442360958e-01
3.648585017950931406e-10 1.295028308536323885e-68 2.469400363144440085e-75 9.999999996351414122e-01
5.293890950288917334e-10 1.882831068217853963e-67 4.678357706775687913e-74 9.999999994706108009e-01
5.344734892591294308e-10 2.017333273488649385e-67 5.047404496637904359e-74 9.999999994655264235e-01
8.257191832397034155e-10 4.608636131320259354e-66 1.571600109540073387e-72 9.999999991742807293e-01
8.483326323850543590e-10 5.598619047766007728e-66 1.946510121012194730e-72 9.999999991516672626e-01
8.557709415931667991e-10 5.961449408128381048e-66 2.085579399793689553e-72 9.999999991442289904e-01
8.557710691129837711e-10 5.961452250769651899e-66 2.085580332120542451e-72 9.999999991442289904e-01
8.557709670971286632e-10 5.961454205086313705e-66 2.085581388758146333e-72 9.999999991442289904e-01
8.422760904717610234e-10 5.317331486047150763e-66 1.839303618621654994e-72 9.999999991577239733e-01
8.489971845166835759e-10 5.630194534641227577e-66 1.958579580214136627e-72 9.999999991510029052e-01
8.490386303480692204e-10 5.629445557079769884e-66 1.957905695240687788e-72 9.999999991509613828e-01
8.490171480986513830e-10 5.629801074103744503e-66 1.958231082638484058e-72 9.999999991509829211e-01
8.490157817548829526e-10 5.629789161654947768e-66 1.958225246663779604e-72 9.999999991509842534e-01
8.557916510604582710e-10 5.961045056217450831e-66 2.085215761952458440e-72 9.999999991442083402e-01
8.557907584006707631e-10 5.961038838366170155e-66 2.085213338327245488e-72 9.999999991442092284e-01
8.557702274825436592e-10 5.961438570570970515e-66 2.085572189813436045e-72 9.999999991442298786e-01
8.558136873001270061e-10 5.960675727100073376e-66 2.084872629515455962e-72 9.999999991441863578e-01
8.557932068411707713e-10 5.961074369032291066e-66 2.085232043815386172e-72 9.999999991442067859e-01
8.557927732626551415e-10 5.961072059532558971e-66 2.085232043815387177e-72 9.999999991442072300e-01
8.557927477580433202e-10 5.961074013724583533e-66 2.085232168104905995e-72 9.999999991442072300e-01
8.557931303272989115e-10 5.961074369032291066e-66 2.085232292394431347e-72 9.999999991442067859e-01
8.557712221367889737e-10 5.961458646717470101e-66 2.085584807295237820e-72 9.999999991442287683e-01
8.557578071538051172e-10 5.960763305239752944e-66 2.085319731912142306e-72 9.999999991442420910e-01
8.557645401227807030e-10 5.961112387079762024e-66 2.085451861408530556e-72 9.999999991442354297e-01
8.557645911303236180e-10 5.961112031769785810e-66 2.085451985711151516e-72 9.999999991442354297e-01
8.557645401227807030e-10 5.961112031769785810e-66 2.085452296467736591e-72 9.999999991442354297e-01
8.557648206643043203e-10 5.961113630664841122e-66 2.085451861408530054e-72 9.999999991442352076e-01
2.462608010733431338e-10 7.656104889032772733e-70 1.103256529031214465e-76 9.999999997537392105e-01
4.590640454770160774e-10 6.755699395616680854e-68 1.516861185196955716e-74 9.999999995409358799e-01
4.590640591581909636e-10 6.755696778255280181e-68 1.516861411226902633e-74 9.999999995409358799e-01
4.590640591581909636e-10 6.755699194281152003e-68 1.516861230402942193e-74 9.999999995409358799e-01
4.590677804528959473e-10 6.756094226130919034e-68 1.516957793465497403e-74 9.999999995409323272e-01
4.590677120464711313e-10 6.756091205922120983e-68 1.516957657838907981e-74 9.999999995409323272e-01
4.590676299587747009e-10 6.756091608616549422e-68 1.516957567421188245e-74 9.999999995409323272e-01
4.590678899031968182e-10 6.756089796491809232e-68 1.516957703047769420e-74 9.999999995409321052e-01
4.590676710026210808e-10 6.756089997838979800e-68 1.516957160541516590e-74 9.999999995409323272e-01
8.557684167047061299e-10 5.961494712885020808e-66 2.085621168445623974e-72 9.999999991442316549e-01
8.557681361620036769e-10 5.961493113887750454e-66 2.085619490224729551e-72 9.999999991442318770e-01
8.557682891852844469e-10 5.961495778883440001e-66 2.085620981976568818e-72 9.999999991442316549e-01
8.557681616658818923e-10 5.961493824553151351e-66 2.085620919820221373e-72 9.999999991442318770e-01
8.557683401930508040e-10 5.961495956549862176e-66 2.085621168445623974e-72 9.999999991442316549e-01
8.557682126736407014e-10 5.961494357552258688e-66 2.085620981976569321e-72 9.999999991442318770e-01
8.557684932163680733e-10 5.961495423550610411e-66 2.085620981976568567e-72 9.999999991442314329e-01
8.557683656969351199e-10 5.961493113887748345e-66 2.085620981976568818e-72 9.999999991442316549e-01
8.557681871697608316e-10 5.961493291554092508e-66 2.085620236100516348e-72 9.999999991442318770e-01
8.557685187202570422e-10 5.961496311882719176e-66 2.085620173944189513e-72 9.999999991442314329e-01
8.557684167047061299e-10 5.961493646886792429e-66 2.085620360413172783e-72 9.999999991442316549e-01
8.557682891852844469e-10 5.961492758555080050e-66 2.085620236100515846e-72 9.999999991442316549e-01
8.557548487447951540e-10 5.960799367200565014e-66 2.085355777698820276e-72 9.999999991442451996e-01
8.557616071941770851e-10 5.961147385216166961e-66 2.085488406698255164e-72 9.999999991442383163e-01
3.648572513297064021e-10 1.295037339762985830e-68 2.469448420406380620e-75 9.999999996351427445e-01
5.293831155703868440e-10 1.882734949550336439e-67 4.678151500377778018e-74 9.999999994706167961e-01
5.344675638709192729e-10 2.017231009891343397e-67 5.047180519711624544e-74 9.999999994655324187e-01
5.391538404801547588e-10 2.147962704393046499e-67 5.407779053637817317e-74 9.999999994608461673e-01
5.391537922760471911e-10 2.147962704393046499e-67 5.407780987610659117e-74 9.999999994608461673e-01
5.391538083440824956e-10 2.147961744179105881e-67 5.407779698295354276e-74 9.999999994608461673e-01
5.391538404801547588e-10 2.147962896435885818e-67 5.407779053637817317e-74 9.999999994608461673e-01
5.391577450271775485e-10 2.148084270945020832e-67 5.408114930625013960e-74 9.999999994608421705e-01
5.306556727072482533e-10 1.915989949383937615e-67 4.769495900404881795e-74 9.999999994693442584e-01
8.191803677989328282e-10 4.352578753105040894e-66 1.475923795583529740e-72 9.999999991808197208e-01
8.416558279804354340e-10 5.286852439401811985e-66 1.827381677696069681e-72 9.999999991583441439e-01
8.490137069407725223e-10 5.629833623740297701e-66 1.958264698191418126e-72 9.999999991509862518e-01
8.490129984688228968e-10 5.629822382349709221e-66 1.958258278509998155e-72 9.999999991509869179e-01
8.490137069407725223e-10 5.629832952611871029e-66 1.958263881139886795e-72 9.999999991509862518e-01
8.490137575459344622e-10 5.629833120393969527e-66 1.958264231304787107e-72 9.999999991509862518e-01
8.490135804278811658e-10 5.629832617047688793e-66 1.958264114583147135e-72 9.999999991509864739e-01
8.490563175550458165e-10 5.629106335245733996e-66 1.957603056473668198e-72 9.999999991509436192e-01
8.558099125336139709e-10 5.960694912464774714e-66 2.084899409461385134e-72 9.999999991441901326e-01
8.558096064721938889e-10 5.960693313682027546e-66 2.084897980360455463e-72 9.999999991441903546e-01
8.557888455614044034e-10 5.961086982469730356e-66 2.085255721102473654e-72 9.999999991442112268e-01
8.557891006063928943e-10 5.961096398151675383e-66 2.085261749221122437e-72 9.999999991442110048e-01
8.557900187689806979e-10 5.961109722255307289e-66 2.085268212377999198e-72 9.999999991442098946e-01
8.557760934088907865e-10 5.960412289866039607e-66 2.085003301509625217e-72 9.999999991442238834e-01
8.557833621125362477e-10 5.960762772305855426e-66 2.085135410956429475e-72 9.999999991442165559e-01
8.557831835822334589e-10 5.960760462926844148e-66 2.085135410956429978e-72 9.999999991442167779e-01
8.557617092089164297e-10 5.961147029904105501e-66 2.085488158088678789e-72 9.999999991442383163e-01
8.557615306831308743e-10 5.961147385216168015e-66 2.085487474412496515e-72 9.999999991442385383e-01
2.462598469864994884e-10 7.656152348478753961e-70 1.103275467847258681e-76 9.999999997537400986e-01
4.590639633899754461e-10 6.755699596952216295e-68 1.516860642725220097e-74 9.999999995409361020e-01
4.590640591581909636e-10 6.755699999623301177e-68 1.516861366020910658e-74 9.999999995409358799e-01
4.590640591581909636e-10 6.755699194281152003e-68 1.516861230402942193e-74 9.999999995409358799e-01
4.590677804528959473e-10 6.756094226130919034e-68 1.516957793465497403e-74 9.999999995409323272e-01
4.590677120464711313e-10 6.756091205922120983e-68 1.516957657838907981e-74 9.999999995409323272e-01
4.590676299587747009e-10 6.756091608616549422e-68 1.516957567421188245e-74 9.999999995409323272e-01
4.590678899031968182e-10 6.756089796491809232e-68 1.516957703047769420e-74 9.999999995409321052e-01
4.590676710026210808e-10 6.756089997838979800e-68 1.516957160541516590e-74 9.999999995409323272e-01
8.557684167047061299e-10 5.961494712885020808e-66 2.085621168445623974e-72 9.999999991442316549e-01
8.557681361620036769e-10 5.961493113887750454e-66 2.085619490224729551e-72 9.999999991442318770e-01
8.557682891852844469e-10 5.961495778883440001e-66 2.085620981976568818e-72 9.999999991442316549e-01
8.557681616658818923e-10 5.961493824553151351e-66 2.085620919820221373e-72 9.999999991442318770e-01
8.557683401930508040e-10 5.961495956549862176e-66 2.085621168445623974e-72 9.999999991442316549e-01
8.557682126736407014e-10 5.961494357552258688e-66 2.085620981976569321e-72 9.999999991442318770e-01
8.557684932163680733e-10 5.961495423550610411e-66 2.085620981976568567e-72 9.999999991442314329e-01
8.557683656969351199e-10 5.961493113887748345e-66 2.085620981976568818e-72 9.999999991442316549e-01
8.557681871697608316e-10 5.961493291554092508e-66 2.085620236100516348e-72 9.999999991442318770e-01
8.557685187202570422e-10 5.961496311882719176e-66 2.085620173944189513e-72 9.999999991442314329e-01
8.557684167047061299e-10 5.961493646886792429e-66 2.085620360413172783e-72 9.999999991442316549e-01
8.557682891852844469e-10 5.961492758555080050e-66 2.085620236100515846e-72 9.999999991442316549e-01
8.557548487447951540e-10 5.960799367200565014e-66 2.085355777698820276e-72 9.999999991442451996e-01
8.557616071941770851e-10 5.961147385216166961e-66 2.085488406698255164e-72 9.999999991442383163e-01
3.648572513297064021e-10 1.295037339762985830e-68 2.469448420406380620e-75 9.999999996351427445e-01
5.293831155703868440e-10 1.882734949550336439e-67 4.678151500377778018e-74 9.999999994706167961e-01
5.344675638709192729e-10 2.017231009891343397e-67 5.047180519711624544e-74 9.999999994655324187e-01
5.391538404801547588e-10 2.147962704393046499e-67 5.407779053637817317e-74 9.999999994608461673e-01
5.391537922760471911e-10 2.147962704393046499e-67 5.407780987610659117e-74 9.999999994608461673e-01
5.391538083440824956e-10 2.147961744179105881e-67 5.407779698295354276e-74 9.999999994608461673e-01
5.391538404801547588e-10 2.147962896435885818e-67 5.407779053637817317e-74 9.999999994608461673e-01
5.391577450271775485e-10 2.148084270945020832e-67 5.408114930625013960e-74 9.999999994608421705e-01
5.306556727072482533e-10 1.915989949383937615e-67 4.769495900404881795e-74 9.999999994693442584e-01
8.191803677989328282e-10 4.352578753105040894e-66 1.475923795583529740e-72 9.999999991808197208e-01
8.416558279804354340e-10 5.286852439401811985e-66 1.827381677696069681e-72 9.999999991583441439e-01
8.490137069407725223e-10 5.629833623740297701e-66 1.958264698191418126e-72 9.999999991509862518e-01
8.490129984688228968e-10 5.629822382349709221e-66 1.958258278509998155e-72 9.999999991509869179e-01
8.490137069407725223e-10 5.629832952611871029e-66 1.958263881139886795e-72 9.999999991509862518e-01
8.490137575459344622e-10 5.629833120393969527e-66 1.958264231304787107e-72 9.999999991509862518e-01
8.490135804278811658e-10 5.629832617047688793e-66 1.958264114583147135e-72 9.999999991509864739e-01
8.490563175550458165e-10 5.629106335245733996e-66 1.957603056473668198e-72 9.999999991509436192e-01
8.558099125336139709e-10 5.960694912464774714e-66 2.084899409461385134e-72 9.999999991441901326e-01
8.558096064721938889e-10 5.960693313682027546e-66 2.084897980360455463e-72 9.999999991441903546e-01
8.557888455614044034e-10 5.961086982469730356e-66 2.085255721102473654e-72 9.999999991442112268e-01
8.557891006063928943e-10 5.961096398151675383e-66 2.085261749221122437e-72 9.999999991442110048e-01
8.557900187689806979e-10 5.961109722255307289e-66 2.085268212377999198e-72 9.999999991442098946e-01
8.557760934088907865e-10 5.960412289866039607e-66 2.085003301509625217e-72 9.999999991442238834e-01
8.557833621125362477e-10 5.960762772305855426e-66 2.085135410956429475e-72 9.999999991442165559e-01
8.557831835822334589e-10 5.960760462926844148e-66 2.085135410956429978e-72 9.999999991442167779e-01
8.557617092089164297e-10 5.961147029904105501e-66 2.085488158088678789e-72 9.999999991442383163e-01
8.557615306831308743e-10 5.961147385216168015e-66 2.085487474412496515e-72 9.999999991442385383e-01
2.462598469864994884e-10 7.656152348478753961e-70 1.103275467847258681e-76 9.999999997537400986e-01
4.590639633899754461e-10 6.755699596952216295e-68 1.516860642725220097e-74 9.999999995409361020e-01
4.590640591581909636e-10 6.755699999623301177e-68 1.516861366020910658e-74 9.999999995409358799e-01
4.590640591581909636e-10 6.755699194281152003e-68 1.516861230402942193e-74 9.999999995409358799e-01
4.590677804528959473e-10 6.756094226130919034e-68 1.516957793465497403e-74 9.999999995409323272e-01
4.590677120464711313e-10 6.756091205922120983e-68 1.516957657838907981e-74 9.999999995409323272e-01
4.590676299587747009e-10 6.756091608616549422e-68 1.516957567421188245e-74 9.999999995409323272e-01
4.590678899031968182e-10 6.756089796491809232e-68 1.516957703047769420e-74 9.999999995409321052e-01
4.590676710026210808e-10 6.756089997838979800e-68 1.516957160541516590e-74 9.999999995409323272e-01
8.557684167047061299e-10 5.961494712885020808e-66 2.085621168445623974e-72 9.999999991442316549e-01
8.557681361620036769e-10 5.961493113887750454e-66 2.085619490224729551e-72 9.999999991442318770e-01
8.557682891852844469e-10 5.961495778883440001e-66 2.085620981976568818e-72 9.999999991442316549e-01
8.557681616658818923e-10 5.961493824553151351e-66 2.085620919820221373e-72 9.999999991442318770e-01
8.557683401930508040e-10 5.961495956549862176e-66 2.085621168445623974e-72 9.999999991442316549e-01
8.557682126736407014e-10 5.961494357552258688e-66 2.085620981976569321e-72 9.999999991442318770e-01
8.557684932163680733e-10 5.961495423550610411e-66 2.085620981976568567e-72 9.999999991442314329e-01
8.557683656969351199e-10 5.961493113887748345e-66 2.085620981976568818e-72 9.999999991442316549e-01
8.557681871697608316e-10 5.961493291554092508e-66 2.085620236100516348e-72 9.999999991442318770e-01
8.557685187202570422e-10 5.961496311882719176e-66 2.085620173944189513e-72 9.999999991442314329e-01
8.557684167047061299e-10 5.961493646886792429e-66 2.085620360413172783e-72 9.999999991442316549e-01
8.557682891852844469e-10 5.961492758555080050e-66 2.085620236100515846e-72 9.999999991442316549e-01
8.557548487447951540e-10 5.960799367200565014e-66 2.085355777698820276e-72 9.999999991442451996e-01
8.557616071941770851e-10 5.961147385216166961e-66 2.085488406698255164e-72 9.999999991442383163e-01
3.648572513297064021e-10 1.295037339762985830e-68 2.469448420406380620e-75 9.999999996351427445e-01
5.293831155703868440e-10 1.882734949550336439e-67 4.678151500377778018e-74 9.999999994706167961e-01
5.344675638709192729e-10 2.017231009891343397e-67 5.047180519711624544e-74 9.999999994655324187e-01
5.391538404801547588e-10 2.147962704393046499e-67 5.407779053637817317e-74 9.999999994608461673e-01
5.391537922760471911e-10 2.147962704393046499e-67 5.407780987610659117e-74 9.999999994608461673e-01
5.391538083440824956e-10 2.147961744179105881e-67 5.407779698295354276e-74 9.999999994608461673e-01
5.391538404801547588e-10 2.147962896435885818e-67 5.407779053637817317e-74 9.999999994608461673e-01
5.391577450271775485e-10 2.148084270945020832e-67 5.408114930625013960e-74 9.999999994608421705e-01
5.306556727072482533e-10 1.915989949383937615e-67 4.769495900404881795e-74 9.999999994693442584e-01
8.191803677989328282e-10 4.352578753105040894e-66 1.475923795583529740e-72 9.999999991808197208e-01
8.416558279804354340e-10 5.286852439401811985e-66 1.827381677696069681e-72 9.999999991583441439e-01
8.490137069407725223e-10 5.629833623740297701e-66 1.958264698191418126e-72 9.999999991509862518e-01
8.490129984688228968e-10 5.629822382349709221e-66 1.958258278509998155e-72 9.999999991509869179e-01
8.490137069407725223e-10 5.629832952611871029e-66 1.958263881139886795e-72 9.999999991509862518e-01
8.490137575459344622e-10 5.629833120393969527e-66 1.958264231304787107e-72 9.999999991509862518e-01
8.490135804278811658e-10 5.629832617047688793e-66 1.958264114583147135e-72 9.999999991509864739e-01
8.490563175550458165e-10 5.629106335245733996e-66 1.957603056473668198e-72 9.999999991509436192e-01
8.558099125336139709e-10 5.960694912464774714e-66 2.084899409461385134e-72 9.999999991441901326e-01
8.558096064721938889e-10 5.960693313682027546e-66 2.084897980360455463e-72 9.999999991441903546e-01
8.557888455614044034e-10 5.961086982469730356e-66 2.085255721102473654e-72 9.999999991442112268e-01
8.557891006063928943e-10 5.961096398151675383e-66 2.085261749221122437e-72 9.999999991442110048e-01
8.557900187689806979e-10 5.961109722255307289e-66 2.085268212377999198e-72 9.999999991442098946e-01
8.557760934088907865e-10 5.960412289866039607e-66 2.085003301509625217e-72 9.999999991442238834e-01
8.557833621125362477e-10 5.960762772305855426e-66 2.085135410956429475e-72 9.999999991442165559e-01
8.557831835822334589e-10 5.960760462926844148e-66 2.085135410956429978e-72 9.999999991442167779e-01
8.557617092089164297e-10 5.961147029904105501e-66 2.085488158088678789e-72 9.999999991442383163e-01
8.557615306831308743e-10 5.961147385216168015e-66 2.085487474412496515e-72 9.999999991442385383e-01
2.462598469864994884e-10 7.656152348478753961e-70 1.103275467847258681e-76 9.999999997537400986e-01
4.590639633899754461e-10 6.755699596952216295e-68 1.516860642725220097e-74 9.999999995409361020e-01
4.590640591581909636e-10 6.755699999623301177e-68 1.516861366020910658e-74 9.999999995409358799e-01
4.590640591581909636e-10 6.755699194281152003e-68 1.516861230402942193e-74 9.999999995409358799e-01
4.590677804528959473e-10 6.756094226130919034e-68 1.516957793465497403e-74 9.999999995409323272e-01
4.590677120464711313e-10 6.756091205922120983e-68 1.516957657838907981e-74 9.999999995409323272e-01
4.590676299587747009e-10 6.756091608616549422e-68 1.516957567421188245e-74 9.999999995409323272e-01
4.590678899031968182e-10 6.756089796491809232e-68 1.516957703047769420e-74 9.999999995409321052e-01
4.590676710026210808e-10 6.756089997838979800e-68 1.516957160541516590e-74 9.999999995409323272e-01
